-3.0
0.42008483
0.1923621
0.2503536
-2.2192364
0.42857146
0.20792079
0.27581328
-0.5643563
0.2531824
0.27157003
0.23479491
0.67043847
0.6364922
0.6746818
0.51768035
0.6605375
0.3182461
0.6294201
0.36633664
0.8500707
0.65487975
0.7199434
0.56577086
0.55021214
0.55162656
0.65770864
0.61244696
0.59830266
0.62093353
0.582744
0.5813296
0.6294201
0.6166902
0.7425743
0.5785007
0.5120226
0.5
0.2956153
0.5
0.60820365
0.54031116
0.6718529
0.5572843
0.77369165
0.73691654
0.86562943
0.5417256
0.67043847
0.6364922
0.6746818
0.51768035
